562.8 194.0
568.0 199.0
575.2 206.7
582.3 214.2
587.5 220.8
591.3 225.6
595.3 231.2
599.4 235.8
601.0 238.7
601.2 242.6
601.4 251.1
600.5 256.2
599.1 262.8
598.7 270.8
599.3 278.3
601.3 282.2
603.9 284.9
604.6 282.2
606.5 277.6
608.7 271.3
610.6 266.2
612.3 260.8
614.7 253.6
616.8 248.0
618.9 240.7
621.1 234.1
622.7 227.8
620.9 224.6
618.1 221.2
612.3 214.7
608.7 211.0
604.0 205.9
597.1 198.2
591.9 192.1
586.5 184.8
581.8 179.9
577.2 173.9
574.6 168.5
572.1 164.4
570.4 165.4
569.6 166.8
567.9 168.5
565.6 170.5
562.8 173.9
560.7 176.3
558.0 178.2
556.0 180.2
554.4 182.4
553.7 183.3
552.6 184.1
553.7 186.3
